0.0	1000.0
0.1	993.0
0.2	985.0
0.30000000000000004	974.0
0.4	970.0
0.5	964.0
0.6000000000000001	957.0
0.7000000000000001	949.0
0.8	939.0
0.9	925.0
1.0	919.0
1.1	915.0
1.2000000000000002	909.0
1.3	899.0
1.4000000000000001	890.0
1.5	879.0
1.6	872.0
1.7000000000000002	866.0
1.8	858.0
1.9000000000000001	846.0
2.0	837.0
2.1	829.0
2.2	821.0
2.3000000000000003	814.0
2.4000000000000004	807.0
2.5	801.0
2.6	792.0
2.7	787.0
2.8000000000000003	779.0
2.9000000000000004	773.0
3.0	769.0
3.1	761.0
3.2	753.0
3.3000000000000003	744.0
3.4000000000000004	737.0
3.5	732.0
3.6	722.0
3.7	716.0
3.8000000000000003	712.0
3.9000000000000004	706.0
4.0	701.0
4.1000000000000005	692.0
4.2	688.0
4.3	684.0
4.4	678.0
4.5	672.0
4.6000000000000005	667.0
4.7	661.0
4.800000000000001	654.0
4.9	649.0
5.0	642.0
5.1000000000000005	635.0
5.2	628.0
5.300000000000001	624.0
5.4	617.0
5.5	612.0
5.6000000000000005	605.0
5.7	597.0
5.800000000000001	592.0
5.9	587.0
6.0	580.0
6.1000000000000005	572.0
6.2	567.0
6.300000000000001	565.0
6.4	559.0
6.5	557.0
6.6000000000000005	549.0
6.7	545.0
6.800000000000001	537.0
6.9	532.0
7.0	528.0
7.1000000000000005	521.0
7.2	517.0
7.300000000000001	505.0
7.4	497.0
7.5	495.0
7.6000000000000005	494.0
7.7	492.0
7.800000000000001	490.0
7.9	485.0
8.0	480.0
8.1	473.0
8.200000000000001	470.0
8.3	463.0
8.4	461.0
8.5	456.0
8.6	449.0
8.700000000000001	445.0
8.8	437.0
8.9	432.0
9.0	428.0
9.1	425.0
9.200000000000001	421.0
9.3	418.0
9.4	414.0
9.5	413.0
9.600000000000001	412.0
9.700000000000001	409.0
9.8	406.0
9.9	398.0
10.0	390.0
10.100000000000001	386.0
10.200000000000001	382.0
10.3	377.0
10.4	371.0
10.5	366.0
10.600000000000001	360.0
10.700000000000001	357.0
10.8	353.0
10.9	349.0
11.0	342.0
11.100000000000001	339.0
11.200000000000001	336.0
11.3	335.0
11.4	334.0
11.5	330.0
11.600000000000001	325.0
11.700000000000001	317.0
11.8	315.0
11.9	308.0
12.0	303.0
12.100000000000001	301.0
12.200000000000001	298.0
12.3	294.0
12.4	288.0
12.5	287.0
12.600000000000001	283.0
12.700000000000001	282.0
12.8	280.0
12.9	277.0
13.0	276.0
13.100000000000001	276.0
13.200000000000001	272.0
13.3	269.0
13.4	269.0
13.5	269.0
13.600000000000001	263.0
13.700000000000001	261.0
13.8	257.0
13.9	255.0
14.0	254.0
14.100000000000001	250.0
14.200000000000001	247.0
14.3	243.0
14.4	240.0
14.5	238.0
14.600000000000001	236.0
14.700000000000001	233.0
14.8	231.0
14.9	230.0
15.0	228.0
15.100000000000001	227.0
15.200000000000001	225.0
15.3	221.0
15.4	220.0
15.5	218.0
15.600000000000001	217.0
15.700000000000001	216.0
15.8	215.0
15.9	215.0
16.0	211.0
16.1	208.0
16.2	204.0
16.3	200.0
16.400000000000002	198.0
16.5	198.0
16.6	197.0
16.7	194.0
16.8	192.0
16.900000000000002	188.0
17.0	184.0
17.1	183.0
17.2	181.0
17.3	178.0
17.400000000000002	178.0
17.5	178.0
17.6	177.0
17.7	176.0
17.8	171.0
17.900000000000002	169.0
18.0	168.0
18.1	166.0
18.2	164.0
18.3	163.0
18.400000000000002	162.0
18.5	162.0
18.6	159.0
18.7	157.0
18.8	156.0
18.900000000000002	155.0
19.0	155.0
19.1	155.0
19.200000000000003	150.0
19.3	149.0
19.400000000000002	149.0
19.5	149.0
19.6	148.0
19.700000000000003	147.0
19.8	146.0
19.900000000000002	146.0
20.0	143.0
20.1	141.0
20.200000000000003	141.0
20.3	139.0
20.400000000000002	139.0
20.5	138.0
20.6	136.0
20.700000000000003	135.0
20.8	133.0
20.900000000000002	132.0
21.0	130.0
21.1	129.0
21.200000000000003	126.0
21.3	124.0
21.400000000000002	124.0
21.5	123.0
21.6	123.0
21.700000000000003	122.0
21.8	120.0
21.900000000000002	118.0
22.0	115.0
22.1	114.0
22.200000000000003	113.0
22.3	112.0
22.400000000000002	111.0
22.5	108.0
22.6	105.0
22.700000000000003	105.0
22.8	104.0
22.900000000000002	103.0
23.0	102.0
23.1	102.0
23.200000000000003	100.0
23.3	96.0
23.400000000000002	96.0
23.5	95.0
23.6	94.0
23.700000000000003	93.0
23.8	91.0
23.900000000000002	90.0
24.0	88.0
24.1	87.0
24.200000000000003	84.0
24.3	83.0
24.400000000000002	82.0
24.5	80.0
24.6	80.0
24.700000000000003	80.0
24.8	78.0
24.900000000000002	77.0
25.0	76.0
25.1	75.0
25.200000000000003	74.0
25.3	73.0
25.400000000000002	72.0
25.5	72.0
25.6	71.0
25.700000000000003	69.0
25.8	69.0
25.900000000000002	69.0
26.0	68.0
26.1	65.0
26.200000000000003	64.0
26.3	63.0
26.400000000000002	62.0
26.5	62.0
26.6	61.0
26.700000000000003	61.0
26.8	60.0
26.900000000000002	60.0
27.0	60.0
27.1	60.0
27.200000000000003	59.0
27.3	59.0
27.400000000000002	58.0
27.5	57.0
27.6	57.0
27.700000000000003	56.0
27.8	55.0
27.900000000000002	53.0
28.0	53.0
28.1	53.0
28.200000000000003	52.0
28.3	52.0
28.400000000000002	52.0
28.5	52.0
28.6	52.0
28.700000000000003	51.0
28.8	51.0
28.900000000000002	50.0
29.0	50.0
29.1	50.0
29.200000000000003	48.0
29.3	47.0
29.400000000000002	46.0
29.5	46.0
29.6	46.0
29.700000000000003	46.0
29.8	45.0
29.900000000000002	43.0
30.0	42.0
30.1	41.0
30.200000000000003	40.0
30.3	40.0
30.400000000000002	39.0
30.5	37.0
30.6	37.0
30.700000000000003	37.0
30.8	37.0
30.900000000000002	36.0
31.0	36.0
31.1	36.0
31.200000000000003	36.0
31.3	33.0
31.400000000000002	33.0
31.5	33.0
31.6	32.0
31.700000000000003	32.0
31.8	32.0
31.900000000000002	32.0
32.0	30.0
32.1	30.0
32.2	30.0
32.300000000000004	28.0
32.4	28.0
32.5	28.0
32.6	28.0
32.7	28.0
32.800000000000004	28.0
32.9	26.0
33.0	26.0
33.1	26.0
33.2	26.0
33.300000000000004	25.0
33.4	25.0
33.5	25.0
33.6	25.0
33.7	25.0
33.800000000000004	24.0
33.9	24.0
34.0	24.0
34.1	24.0
34.2	24.0
34.300000000000004	24.0
34.4	23.0
34.5	23.0
34.6	23.0
34.7	23.0
34.800000000000004	23.0
34.9	23.0
35.0	22.0
35.1	22.0
35.2	20.0
35.300000000000004	20.0
35.4	20.0
35.5	19.0
35.6	18.0
35.7	18.0
35.800000000000004	18.0
35.9	18.0
36.0	18.0
36.1	18.0
36.2	18.0
36.300000000000004	18.0
36.4	18.0
36.5	18.0
36.6	18.0
36.7	18.0
36.800000000000004	18.0
36.9	18.0
37.0	17.0
37.1	16.0
37.2	16.0
37.300000000000004	16.0
37.4	16.0
37.5	16.0
37.6	16.0
37.7	15.0
37.800000000000004	15.0
37.9	15.0
38.0	14.0
38.1	14.0
38.2	14.0
38.300000000000004	14.0
38.400000000000006	14.0
38.5	14.0
38.6	14.0
38.7	13.0
38.800000000000004	13.0
38.900000000000006	13.0
39.0	13.0
39.1	12.0
39.2	12.0
39.300000000000004	12.0
39.400000000000006	11.0
39.5	10.0
39.6	10.0
39.7	10.0
39.800000000000004	10.0
39.900000000000006	9.0
40.0	9.0
40.1	9.0
40.2	8.0
40.300000000000004	8.0
40.400000000000006	8.0
40.5	8.0
40.6	8.0
40.7	8.0
40.800000000000004	8.0
40.900000000000006	8.0
41.0	8.0
41.1	8.0
41.2	8.0
41.300000000000004	8.0
41.400000000000006	8.0
41.5	8.0
41.6	8.0
41.7	8.0
41.800000000000004	8.0
41.900000000000006	8.0
42.0	7.0
42.1	7.0
42.2	7.0
42.300000000000004	7.0
42.400000000000006	7.0
42.5	7.0
42.6	7.0
42.7	7.0
42.800000000000004	7.0
42.900000000000006	7.0
43.0	7.0
43.1	7.0
43.2	6.0
43.300000000000004	6.0
43.400000000000006	6.0
43.5	6.0
43.6	6.0
43.7	6.0
43.800000000000004	6.0
43.900000000000006	6.0
44.0	6.0
44.1	6.0
44.2	6.0
44.300000000000004	6.0
44.400000000000006	6.0
44.5	6.0
44.6	6.0
44.7	6.0
44.800000000000004	6.0
44.900000000000006	6.0
45.0	6.0
45.1	6.0
45.2	6.0
45.300000000000004	6.0
45.400000000000006	6.0
45.5	6.0
45.6	6.0
45.7	6.0
45.800000000000004	6.0
45.900000000000006	6.0
46.0	6.0
46.1	6.0
46.2	6.0
46.300000000000004	6.0
46.400000000000006	6.0
46.5	6.0
46.6	6.0
46.7	6.0
46.800000000000004	6.0
46.900000000000006	6.0
47.0	5.0
47.1	5.0
47.2	5.0
47.300000000000004	5.0
47.400000000000006	5.0
47.5	5.0
47.6	5.0
47.7	5.0
47.800000000000004	5.0
47.900000000000006	5.0
48.0	5.0
48.1	5.0
48.2	5.0
48.300000000000004	5.0
48.400000000000006	5.0
48.5	5.0
48.6	5.0
48.7	5.0
48.800000000000004	5.0
48.900000000000006	5.0
49.0	5.0
49.1	5.0
49.2	5.0
49.300000000000004	5.0
49.400000000000006	5.0
49.5	5.0
49.6	5.0
49.7	5.0
49.800000000000004	5.0
49.900000000000006	5.0
